[gd_scene load_steps=57 format=3 uid="uid://dhubdtk42tle8"]

[ext_resource type="PackedScene" uid="uid://dp3hsvkn4gaji" path="res://worlds/perodic_warfare/base_room.tscn" id="1_hru7o"]
[ext_resource type="Script" uid="uid://cu4u3fkhhf1nf" path="res://worlds/perodic_warfare/1/hydrogen_room.gd" id="2_lgy6p"]
[ext_resource type="Texture2D" uid="uid://cbhbbforbr47n" path="res://worlds/perodic_warfare/1/T_Decals_H.png" id="3_0n7gw"]
[ext_resource type="PackedScene" uid="uid://cxs5156f5q4t" path="res://meshes/walls/wall_astra_straight.tscn" id="5_l5qo0"]
[ext_resource type="PackedScene" uid="uid://dj8m5svy4l571" path="res://arts/3D/models/quaternius.com/Modular SciFi MegaKit[Standard]/glTF/Columns/Column_Simple.gltf" id="5_q6ybd"]
[ext_resource type="PackedScene" uid="uid://cvolcimrxjrnh" path="res://arts/3D/models/quaternius.com/Modular SciFi MegaKit[Standard]/glTF/Walls/TopAstra_Straight.gltf" id="6_6cl36"]
[ext_resource type="PackedScene" uid="uid://bfyb4tag6tmo" path="res://objects/interactives/transports/train.tscn" id="6_n4crl"]
[ext_resource type="PackedScene" uid="uid://6uprydwd5mwr" path="res://worlds/perodic_warfare/1/hydrogen_002.tscn" id="7_ty888"]
[ext_resource type="Script" uid="uid://b1ml8y4r05et6" path="res://worlds/perodic_warfare/1/hydrogen_002.gd" id="8_j2i7t"]
[ext_resource type="PackedScene" uid="uid://bitv6gcs3m32l" path="res://arts/3D/models/blendswap.com/molecule-pack-one/molecule-pack-one_WITHOUTSUBDIV.blend" id="10_l5qo0"]
[ext_resource type="PackedScene" uid="uid://c1lxtdgeggnej" path="res://addons/naejimer_3d_planet_generator/scenes/star.tscn" id="10_nqshe"]
[ext_resource type="PackedScene" uid="uid://dly1y0eidfp0p" path="res://arts/3D/models/blendswap.com/water-dispenser/water-dispenser.blend" id="12_343qs"]
[ext_resource type="Script" uid="uid://cye72mkppe1dp" path="res://worlds/perodic_warfare/1/hydrogen_001.gd" id="12_hsy5h"]
[ext_resource type="AudioStream" uid="uid://wkvaofnkwde" path="res://arts/audio/musics/originals/hydrogen/hydrogen.ogg" id="12_vvanm"]
[ext_resource type="PackedScene" uid="uid://cvmgepfdpxjh4" path="res://arts/3D/models/polyhaven.com/wooden_bucket_02_2k.gltf/wooden_bucket_02_2k.gltf" id="13_4mv33"]
[ext_resource type="Resource" uid="uid://coytvu23vh8w6" path="res://objects/matters/H_2O.tres" id="14_uyh8r"]
[ext_resource type="Shader" uid="uid://bnd4ag4cyhfyw" path="res://materials/WATER.gdshader" id="15_sm32q"]
[ext_resource type="PackedScene" uid="uid://d3hec6j3t12f4" path="res://arts/3D/models/polyhaven.com/rubber_duck_toy_2k.gltf/rubber_duck_toy_2k.gltf" id="16_415n7"]
[ext_resource type="PackedScene" uid="uid://cu0r8a4gefs2g" path="res://objects/interactives/power_box.tscn" id="17_pftnm"]
[ext_resource type="PackedScene" uid="uid://c5uql3qxkelo2" path="res://objects/items/equipments/collector/cup.tscn" id="18_ta6x5"]
[ext_resource type="Script" uid="uid://b4pjla2vfw7ww" path="res://worlds/perodic_warfare/1/hydrogen_003.gd" id="18_vvanm"]
[ext_resource type="PackedScene" uid="uid://lif88rujhcpl" path="res://creatures/neutrals/portrait.tscn" id="19_184jk"]
[ext_resource type="PackedScene" uid="uid://bc6lyerwwwkg2" path="res://arts/3D/models/itch.io/IndustrialPack2/CautionSign_WetFloor/Caution_Sign.fbx" id="20_mv5lf"]
[ext_resource type="Script" uid="uid://bf5r4uu760m8q" path="res://objects/interactives/breakables/breakable.gd" id="20_vvanm"]
[ext_resource type="PackedScene" uid="uid://dp4dqyc15xaat" path="res://arts/3D/models/quaternius.com/Modular SciFi MegaKit[Standard]/glTF/Props/Prop_Cable_3.gltf" id="21_3y2hn"]
[ext_resource type="PackedScene" uid="uid://b0sldq8ujgtrr" path="res://arts/3D/models/original/Hindenburg.glb" id="21_hbnn5"]
[ext_resource type="ArrayMesh" uid="uid://cy30wegkoeq83" path="res://arts/3D/models/ambientcg.com/3DLemon001_HQ-4K-PNG/3DLemon001_HQ-4K-PNG.obj" id="21_nqshe"]
[ext_resource type="Script" uid="uid://dpgvjbjs43ypn" path="res://worlds/perodic_warfare/1/hydrogen_004.gd" id="22_l5qo0"]
[ext_resource type="PackedScene" uid="uid://cm3q4o2behm28" path="res://objects/items/equipments/shooter/electron_shooter.tscn" id="23_6cl36"]
[ext_resource type="PackedScene" uid="uid://cqcxqwc28grne" path="res://objects/items/equipments/breaker/hammer.tscn" id="23_l5qo0"]
[ext_resource type="PackedScene" uid="uid://ce20i0jttpx5" path="res://proposition.tscn" id="23_vvanm"]
[ext_resource type="PackedScene" uid="uid://cuqxhmc72oryo" path="res://arts/3D/models/sharetextures.com/3D_lemon_1/3D_lemon_1.blend" id="24_6cl36"]
[ext_resource type="PackedScene" uid="uid://ew2ev20dx7j0" path="res://arts/3D/models/polyhaven.com/wicker_basket_01_2k.blend/wicker_basket_01_2k.blend" id="25_5sfnc"]
[ext_resource type="PackedScene" uid="uid://cl0nqdivyjvs4" path="res://arts/3D/models/polyhaven.com/ceiling_fan_1k.blend/ceiling_fan_1k.blend" id="34_tni44"]
[ext_resource type="PackedScene" uid="uid://eegwl5esokl7" path="res://arts/3D/models/quaternius.com/Cute Animated Monsters - Aug 2020-20260120T200654Z-3-001/Cute Animated Monsters - Aug 2020/glTF/Ghost.gltf" id="35_u6em0"]

[sub_resource type="StandardMaterial3D" id="StandardMaterial3D_l5qo0"]
resource_name = "Hydrogen"
cull_mode = 2
roughness = 0.25

[sub_resource type="SphereMesh" id="SphereMesh_l5qo0"]
material = SubResource("StandardMaterial3D_l5qo0")

[sub_resource type="StandardMaterial3D" id="StandardMaterial3D_6cl36"]
resource_name = "Hydrogen"
cull_mode = 2
roughness = 0.25

[sub_resource type="CylinderMesh" id="CylinderMesh_5sfnc"]
material = SubResource("StandardMaterial3D_6cl36")

[sub_resource type="BoxShape3D" id="BoxShape3D_tni44"]
size = Vector3(6, 5, 8)

[sub_resource type="CylinderMesh" id="CylinderMesh_662c5"]
top_radius = 0.28
bottom_radius = 0.0
height = 1.5

[sub_resource type="FastNoiseLite" id="FastNoiseLite_vxryk"]
frequency = 0.0922

[sub_resource type="NoiseTexture2D" id="NoiseTexture2D_8s5s1"]
noise = SubResource("FastNoiseLite_vxryk")
seamless = true
as_normal_map = true

[sub_resource type="NoiseTexture2D" id="NoiseTexture2D_uvhhg"]
seamless = true
as_normal_map = true
bump_strength = 1.1

[sub_resource type="ShaderMaterial" id="ShaderMaterial_wo4ms"]
render_priority = 0
shader = ExtResource("15_sm32q")
shader_parameter/uAlbedo = Color(0, 0, 0.235294, 1)
shader_parameter/uTexureNormal = SubResource("NoiseTexture2D_8s5s1")
shader_parameter/uTexureNormal2 = SubResource("NoiseTexture2D_uvhhg")
shader_parameter/uNormalMix = 0.2
shader_parameter/uWaveDirection = Vector2(1, 0)
shader_parameter/uWaveDirection2 = Vector2(0, 1)
shader_parameter/uTimeScale = 0.057
shader_parameter/uWaveScale = 1.6

[sub_resource type="Curve" id="Curve_n4me4"]
_data = [Vector2(0, 0), 0.0, 0.0, 0, 0, Vector2(0.330508, 0.559933), 0.0, 0.0, 0, 0, Vector2(0.983051, 0.711432), 0.0, 0.0, 0, 0]
point_count = 3

[sub_resource type="CurveTexture" id="CurveTexture_i6mqr"]
curve = SubResource("Curve_n4me4")

[sub_resource type="ParticleProcessMaterial" id="ParticleProcessMaterial_5cao2"]
angle_min = 1.07288e-05
angle_max = 360.0
direction = Vector3(0, 1, 0)
spread = 5.0
initial_velocity_min = 2.0
initial_velocity_max = 3.5
scale_curve = SubResource("CurveTexture_i6mqr")

[sub_resource type="StandardMaterial3D" id="StandardMaterial3D_iw8sv"]
transparency = 1
vertex_color_use_as_albedo = true
albedo_color = Color(0.631373, 0.631373, 0.631373, 0.294118)

[sub_resource type="SphereMesh" id="SphereMesh_2b4kj"]
material = SubResource("StandardMaterial3D_iw8sv")
radius = 0.05
height = 0.1
radial_segments = 6

[sub_resource type="BoxShape3D" id="BoxShape3D_5sfnc"]
size = Vector3(0.37, 0.01, 0.285)

[sub_resource type="BoxShape3D" id="BoxShape3D_343qs"]
size = Vector3(0.28598145, 0.01, 0.15)

[sub_resource type="ConvexPolygonShape3D" id="ConvexPolygonShape3D_nqshe"]
points = PackedVector3Array(-0.01797638, 0.0073161423, 0.021646071, 0.010478286, 0.0832, 0.005832834, 0.010478286, 0.0832, -0.0068062735, 0.05159048, 0.042092144, 0.007415798, -0.003744095, 0.027878273, -0.040007513, -0.049590476, 0.046832837, -0.0020655831, -0.0069035236, 0.0484076, 0.0422, 0.021551143, 0.0041584186, 0.010573525, 0.0057341913, 0.062646076, -0.038424548, -0.01954124, 0.0041584186, -0.0147128925, 0.029454667, 0.02155462, -0.025777237, -0.025870001, 0.07686815, 0.00424987, 0.023125906, 0.03577669, 0.037451107, -0.024285333, 0.062646076, -0.030517928, 0.03102943, 0.053156488, -0.030517928, 0.012062953, 0.07054449, 0.02954449, -0.033773527, 0.051573526, 0.027969727, -0.027444763, 0.031036, -0.032100894, -0.00848819, 0.016805727, 0.035868146, -0.036932953, 0.019963454, 0.015322417, 0.004159429, -0.0005904734, -0.009964, 0.029454667, 0.07371042, -0.006798072, -0.016391715, 0.070536286, 0.027969727, 0.027870001, 0.0657956, 0.024795597, -0.00848819, 0.07845111, -0.022611309, 0.021551143, 0.0136480015, 0.027961524, -0.03535819, 0.015222764, -0.008389238, 0.029454667, 0.008899108, -0.006798072, -0.025870001, 0.029453037, 0.034293383, 0.004159429, 0.010482073, -0.028934965, 0.018391715, 0.032618966, -0.038416345, 0.01364762, 0.07528518, -0.025777237)

[sub_resource type="Animation" id="Animation_nqshe"]
length = 0.001
tracks/0/type = "value"
tracks/0/imported = false
tracks/0/enabled = true
tracks/0/path = NodePath("Hindenburg:position")
tracks/0/interp = 1
tracks/0/loop_wrap = true
tracks/0/keys = {
"times": PackedFloat32Array(0),
"transitions": PackedFloat32Array(1),
"update": 0,
"values": [Vector3(5, 8, -3)]
}
tracks/1/type = "value"
tracks/1/imported = false
tracks/1/enabled = true
tracks/1/path = NodePath("Hindenburg:rotation")
tracks/1/interp = 1
tracks/1/loop_wrap = true
tracks/1/keys = {
"times": PackedFloat32Array(0),
"transitions": PackedFloat32Array(1),
"update": 0,
"values": [Vector3(0, 0, 0)]
}

[sub_resource type="Animation" id="Animation_hbnn5"]
resource_name = "zeppelinMove"
length = 10.0
loop_mode = 1
tracks/0/type = "value"
tracks/0/imported = false
tracks/0/enabled = true
tracks/0/path = NodePath("Hindenburg:position")
tracks/0/interp = 2
tracks/0/loop_wrap = true
tracks/0/keys = {
"times": PackedFloat32Array(0, 0.5, 2.01, 2.5000002, 3.0000002, 4.5, 5.0000005, 5.5000005, 7.0000005, 7.5000005, 8, 9.500001, 10),
"transitions": PackedFloat32Array(1, 1, 1, 1, 1, 1, 1, 1, 1, 1, 1, 1, 1),
"update": 0,
"values": [Vector3(6, 8, -6), Vector3(6, 8, -5), Vector3(6, 8, 5), Vector3(6, 8, 6), Vector3(5, 8, 7), Vector3(-4, 8, 7), Vector3(-6, 8, 6), Vector3(-7, 8, 4), Vector3(-6, 8, -5), Vector3(-6, 8, -6), Vector3(-4, 8, -7), Vector3(5, 8, -7), Vector3(6, 8, -6)]
}
tracks/1/type = "value"
tracks/1/imported = false
tracks/1/enabled = true
tracks/1/path = NodePath("Hindenburg:rotation")
tracks/1/interp = 1
tracks/1/loop_wrap = true
tracks/1/keys = {
"times": PackedFloat32Array(0, 0.5, 2.01, 2.5000002, 3.0000002, 4.5, 5.0000005, 5.5000005, 7.0000005, 7.5000005, 8, 9.500001, 10),
"transitions": PackedFloat32Array(1, 1, 1, 1, 1, 1, 1, 1, 1, 1, 1, 1, 1),
"update": 0,
"values": [Vector3(0, 0.5235988, 0), Vector3(0, 3.7252907e-08, 0), Vector3(0, 3.7252907e-08, 0), Vector3(0, -0.7853982, 0), Vector3(0, -1.5707964, 0), Vector3(0, -1.5707964, 0), Vector3(0, -2.0943952, 0), Vector3(0, -3.1415927, 0), Vector3(0, -3.1415927, 0), Vector3(0, -3.9269907, 0), Vector3(0, -4.712389, 0), Vector3(0, -4.712389, 0), Vector3(0, -5.7595863, 0)]
}

[sub_resource type="AnimationLibrary" id="AnimationLibrary_nqshe"]
_data = {
&"RESET": SubResource("Animation_nqshe"),
&"zeppelinMove": SubResource("Animation_hbnn5")
}

[node name="HydrogenRoom" instance=ExtResource("1_hru7o")]
script = ExtResource("2_lgy6p")
element_decal_png = ExtResource("3_0n7gw")

[node name="Core" parent="." index="0"]
neutron = Array[int]([0, 1, 2])

[node name="NucleusHolder" parent="Core" index="0"]
surface_material_override/0 = null
surface_material_override/1 = null
surface_material_override/2 = null

[node name="@Node3D@517631" parent="Structure/FirstFloor/Platforms/PlatformSimple13/PlatformRamp2" index="2" instance=ExtResource("5_q6ybd")]
transform = Transform3D(1, 0, 1.7484555e-07, 0, 1, 0, -1.7484555e-07, 0, 1, 0, -5, 1)

[node name="DoorFrameSquare" parent="Structure/FirstFloor/Platforms/PlatformSimple24" index="1"]
visible = false

[node name="WallAstra_Straight" parent="Structure/FirstFloor/Platforms/PlatformSimple24" index="3" instance=ExtResource("5_l5qo0")]
transform = Transform3D(-1, 0, -8.74228e-08, 0, 1, 0, 8.74228e-08, 0, -1, 0, 0, 0)

[node name="TopAstraStraight" parent="Structure/FirstFloor/Platforms/PlatformSimple24/WallAstra_Straight" index="1" instance=ExtResource("6_6cl36")]

[node name="StairShaft" parent="Structure/SecondFloor" index="0"]
transform = Transform3D(5.96046e-08, 0.9999993, 0, 0, 5.9604606e-08, -0.99999917, -0.99999917, 0, 5.96046e-08, -11, 3, 2)

[node name="WallBand_Straight2" parent="Structure/SecondFloor/Platforms/PlatformMetal22" index="2"]
transform = Transform3D(-4.3711395e-08, 0, -1, 0, 1, 0, 1, 0, -4.3711395e-08, 3.991669, 0, -0.0017690659)

[node name="PlanetGaseous" parent="Environment" index="1"]
transform = Transform3D(-406.61075, 0, 688.9604, 0, 800, 0, -688.9604, 0, -406.61075, 0, 487, 1748)

[node name="PlanetSand" parent="Environment" index="2"]
transform = Transform3D(-42.612614, 0, 377.60315, 0, 380, 0, -377.60315, 0, -42.612614, 1356, 0, 0)

[node name="Building" parent="." index="4"]
transform = Transform3D(2.5, 0, 0, 0, 2.5, 0, 0, 0, 2.5, 0, 9, 0)

[node name="BackGroundMusicPlayer" parent="Speaker" index="2"]
stream = ExtResource("12_vvanm")
volume_db = -10.0

[node name="Elevator" parent="Transport" index="0"]
downstairs = 3

[node name="Train" parent="Transport" index="1" instance=ExtResource("6_n4crl")]
transform = Transform3D(1, 0, 0, 0, 1, 0, 0, 0, 1, 0, 10, -6)
destination = 2

[node name="Star" parent="Transport/Train" index="7" instance=ExtResource("10_nqshe")]
transform = Transform3D(1.9967045, 0, 0.11474667, 0, 2, 0, -0.11474667, 0, 1.9967045, 0, 2, -2)
layers = 4

[node name="molecule-pack-one_WITHOUTSUBDIV" parent="Molecule" index="0" instance=ExtResource("10_l5qo0")]
transform = Transform3D(0.5, 0, 0, 0, 0.5, 0, 0, 0, 0.5, 0, 0, 0)

[node name="Ammonia" parent="Molecule/molecule-pack-one_WITHOUTSUBDIV" index="0"]
visible = false

[node name="Benzene" parent="Molecule/molecule-pack-one_WITHOUTSUBDIV" index="1"]
visible = false

[node name="Carbon Monoxide" parent="Molecule/molecule-pack-one_WITHOUTSUBDIV" index="2"]
transform = Transform3D(-0.45117617, 0.70774984, 0.5436269, -0.7671826, -0.6187933, 0.1688958, 0.4559287, -0.34085935, 0.8221582, 3.4040024, 2.33284, -16.250652)

[node name="Ethanol" parent="Molecule/molecule-pack-one_WITHOUTSUBDIV" index="3"]
transform = Transform3D(0.60495615, 0, 0.7962588, -0.76912695, 0.25881907, 0.5843428, -0.20608696, -0.9659258, 0.15657419, 10.854843, 3.358634, -15.7541685)

[node name="Methanol" parent="Molecule/molecule-pack-one_WITHOUTSUBDIV" index="4"]
transform = Transform3D(1, 0, 0, 0, 1, 0, 0, 0, 1, 7.046014, 1.1234417, -14.629013)

[node name="Hexane" parent="Molecule/molecule-pack-one_WITHOUTSUBDIV" index="5"]
visible = false

[node name="Isopropanol" parent="Molecule/molecule-pack-one_WITHOUTSUBDIV" index="6"]
transform = Transform3D(0.4015205, 0, -0.9158501, 0, 1, 0, 0.9158501, 0, 0.4015205, -3.287294, 1.40699, -15.169289)

[node name="Water" parent="Molecule/molecule-pack-one_WITHOUTSUBDIV" index="7"]
transform = Transform3D(1, 0, 0, 0, -0.3904593, 0.9206202, 0, -0.9206202, -0.3904593, 16.418036, 2.2219515, -16.220089)

[node name="Methane" parent="Molecule/molecule-pack-one_WITHOUTSUBDIV" index="8"]
visible = false

[node name="Carbon Dioxide" parent="Molecule/molecule-pack-one_WITHOUTSUBDIV" index="9"]
visible = false

[node name="MeshInstance3D" type="MeshInstance3D" parent="Molecule/ModelHolder" index="0"]
transform = Transform3D(-0.12500013, 0, -0.21650647, 0, 0.25, 0, 0.21650647, 0, -0.12500013, 0, 2, 0)
mesh = SubResource("SphereMesh_l5qo0")
skeleton = NodePath("../..")

[node name="MeshInstance3D" type="MeshInstance3D" parent="Molecule/ModelHolder/MeshInstance3D" index="0"]
transform = Transform3D(0.25, 0, 0, 0, 0.25, 0, 0, 0, 0.25, 0, 0.7, 0)
mesh = SubResource("CylinderMesh_5sfnc")

[node name="Hydrogen001" parent="Content" index="0" instance=ExtResource("23_vvanm")]
script = ExtResource("12_hsy5h")
highlight = true

[node name="PlayerInterestArea3D" parent="Content/Hydrogen001" index="1"]
transform = Transform3D(1, 0, 0, 0, 1, 0, 0, 0, 1, -4, 0, 0)

[node name="CollisionShape3D" parent="Content/Hydrogen001/PlayerInterestArea3D" index="0"]
transform = Transform3D(1, 0, 0, 0, 1, 0, 0, 0, 1, -3.5, 2, -4.5)
shape = SubResource("BoxShape3D_tni44")

[node name="WoodenBucket" parent="Content/Hydrogen001" index="2" instance=ExtResource("13_4mv33")]
transform = Transform3D(2, 0, 0, 0, 2, 0, 0, 0, 2, -6.2074184, 0, -3)
matter = ExtResource("14_uyh8r")

[node name="Water" type="MeshInstance3D" parent="Content/Hydrogen001/WoodenBucket" index="3"]
transform = Transform3D(1, 0, 0, 0, 1, 0, 0, 0, 1, 0, -0.5, 0)
mesh = SubResource("CylinderMesh_662c5")
skeleton = NodePath("")
surface_material_override/0 = SubResource("ShaderMaterial_wo4ms")

[node name="RubberDuck" parent="Content/Hydrogen001/WoodenBucket" index="4" instance=ExtResource("16_415n7")]
transform = Transform3D(0.4, 0, 0, 0, 0.4, 0, 0, 0, 0.4, 0.056315184, 0.216757, -0.19816494)

[node name="PowerBox" parent="Content/Hydrogen001" index="3" instance=ExtResource("17_pftnm")]
transform = Transform3D(7.22128e-08, -0.206341, 0.97848, 1.55783e-08, 0.97848, 0.206341, -1, 3.42601e-10, 7.38732e-08, -10.1970005, 2, -2.36561)

[node name="Cup" parent="Content/Hydrogen001" index="4" instance=ExtResource("18_ta6x5")]
transform = Transform3D(1, 0, 0, 0, 1, 0, 0, 0, 1, -5.476496, 0.941295, -5.5079613)
liquid_material = SubResource("ShaderMaterial_wo4ms")

[node name="Portrait" parent="Content/Hydrogen001" index="5" instance=ExtResource("19_184jk")]
transform = Transform3D(0.5, 0, 0, 0, 0.5, 0, 0, 0, 0.5, -8, 1.24337, -4)

[node name="Caution_Sign" parent="Content/Hydrogen001" index="6" instance=ExtResource("20_mv5lf")]
transform = Transform3D(1.0000004, 0, -1.7320507, 0, 2, 0, 1.7320507, 0, 1.0000004, -5, 0.4315086, -1)

[node name="PropCable3" parent="Content/Hydrogen001" index="7" instance=ExtResource("21_3y2hn")]
transform = Transform3D(-0.1058649, 0, 0.99438053, 0, 1, 0, -0.99438053, 0, -0.1058649, -8.717158, 0.0643563, -2)

[node name="HydrogenGas" type="GPUParticles3D" parent="Content/Hydrogen001/PropCable3" index="1"]
transform = Transform3D(-0.105865, 0, -0.99438053, 0, 1, 0, 0.99438053, 0, -0.105865, 0.8587334, -0.0643563, 2.4029613)
visible = false
amount = 5
lifetime = 0.4
randomness = 1.0
fixed_fps = 10
process_material = SubResource("ParticleProcessMaterial_5cao2")
draw_pass_1 = SubResource("SphereMesh_2b4kj")

[node name="OxygenGas" type="GPUParticles3D" parent="Content/Hydrogen001/PropCable3" index="2"]
transform = Transform3D(-0.105865, 0, -0.9943815, 0, 1, 0, 0.9943815, 0, -0.105865, 0.6682687, -0.0643563, 2.9454513)
visible = false
amount = 2
lifetime = 0.4
randomness = 1.0
fixed_fps = 10
process_material = SubResource("ParticleProcessMaterial_5cao2")
draw_pass_1 = SubResource("SphereMesh_2b4kj")

[node name="WaterDispenser" parent="Content/Hydrogen001" index="8" instance=ExtResource("12_343qs")]
transform = Transform3D(0.28977773, 0, 0.07764569, 0, 0.30000004, 0, -0.07764569, 0, 0.28977773, -6, 0.9107057, -6.0280232)

[node name="Hydrogen002" parent="Content" index="1" instance=ExtResource("7_ty888")]
transform = Transform3D(1, 0, 0, 0, 1, 0, 0, 0, 1, -7, 1, 5)
script = ExtResource("8_j2i7t")
content = "Hydrogen Gas is very light"
highlight = true

[node name="Hydrogen003" parent="Content" index="2" instance=ExtResource("23_vvanm")]
transform = Transform3D(-4.37114e-08, 0, -1, 0, 1, 0, 1, 0, -4.37114e-08, 3, 5, 7)
script = ExtResource("18_vvanm")
content = "An acid is a molecule or ion capable of either donating a proton (i.e. hydrogen cation, H+)"

[node name="Hammer" parent="Content/Hydrogen003" index="2" instance=ExtResource("23_l5qo0")]
transform = Transform3D(0.69064265, 0.7231962, -3.339594e-08, 2.6685183e-09, 4.3629857e-08, 1, 0.7231962, -0.69064265, 2.8202775e-08, -1.3761611, 0.9746647, 1.2977836)

[node name="Lemon" parent="Content/Hydrogen003" index="3" instance=ExtResource("24_6cl36")]
transform = Transform3D(1, -7.3107564e-09, -6.1570127e-10, 7.3107564e-09, 0.9859144, 0.16725057, -6.156995e-10, -0.16725057, 0.9859144, -1.0685, 0.9520693, 2.4311166)

[node name="Lemon 01" parent="Content/Hydrogen003/Lemon" index="0"]
transform = Transform3D(1, 0, 0, 0, 1, -1.9411762e-23, 0, 0, 1, 0, -0.002878666, -0.00048822165)
freeze = true
script = ExtResource("20_vvanm")

[node name="Lemon2" parent="Content/Hydrogen003" index="4" instance=ExtResource("24_6cl36")]
transform = Transform3D(0.18515214, 0, 0.9827099, 0, 1, 0, -0.9827099, 0, 0.18515214, -1.2697263, 1.1717572, 3.016072)

[node name="Lemon3" parent="Content/Hydrogen003" index="5" instance=ExtResource("24_6cl36")]
transform = Transform3D(-0.4476618, -0.76360446, 0.4653032, -0.5294174, 0.6456843, 0.55028075, -0.72063583, 3.3378218e-08, -0.69331366, -0.9725585, 1.1535077, 2.9999998)

[node name="WickerBasket" parent="Content/Hydrogen003" index="6" instance=ExtResource("25_5sfnc")]
transform = Transform3D(2, 0, 0, 0, 2, 0, 0, 0, 2, -1.0937042, 0.9473815, 3)

[node name="StaticBody3D" type="StaticBody3D" parent="Content/Hydrogen003/WickerBasket" index="1"]

[node name="CollisionShape3D" type="CollisionShape3D" parent="Content/Hydrogen003/WickerBasket/StaticBody3D" index="0"]
shape = SubResource("BoxShape3D_5sfnc")

[node name="StaticBody3D2" type="StaticBody3D" parent="Content/Hydrogen003/WickerBasket" index="2"]
transform = Transform3D(1, 4.222197e-08, -3.2398052e-08, -4.222197e-08, 0.25881907, -0.9659258, -3.2398052e-08, 0.9659258, 0.25881907, 0, 0.055174112, -0.13032138)

[node name="CollisionShape3D" type="CollisionShape3D" parent="Content/Hydrogen003/WickerBasket/StaticBody3D2" index="0"]
transform = Transform3D(1, 5.0316427e-09, -2.9056224e-10, -5.0316418e-09, 0.99335265, -0.11511055, -2.9056224e-10, 0.11511055, 0.99335265, 0, 0, 0)
shape = SubResource("BoxShape3D_343qs")

[node name="StaticBody3D3" type="StaticBody3D" parent="Content/Hydrogen003/WickerBasket" index="3"]
transform = Transform3D(1, 4.3542997e-08, -4.7544653e-08, -4.3543e-08, -0.08769469, -0.9961474, -4.7544653e-08, 0.9961474, -0.08769469, 0, 0.055174112, 0.12781441)

[node name="CollisionShape3D" type="CollisionShape3D" parent="Content/Hydrogen003/WickerBasket/StaticBody3D3" index="0"]
transform = Transform3D(1, 5.0316427e-09, -2.9056224e-10, -5.0316418e-09, 0.99335265, -0.11511055, -2.9056224e-10, 0.11511055, 0.99335265, 0, 0, 0)
shape = SubResource("BoxShape3D_343qs")

[node name="StaticBody3D4" type="StaticBody3D" parent="Content/Hydrogen003/WickerBasket" index="4"]
transform = Transform3D(-9.125604e-08, 0.9961474, -0.08769469, -4.3543e-08, -0.08769469, -0.9961474, -1, -8.708598e-08, 5.137791e-08, 0.16677022, 0.055174112, -0.0035170987)

[node name="CollisionShape3D" type="CollisionShape3D" parent="Content/Hydrogen003/WickerBasket/StaticBody3D4" index="0"]
transform = Transform3D(1, 5.0316427e-09, -2.9056224e-10, -5.0316418e-09, 0.99335265, -0.11511055, -2.9056224e-10, 0.11511055, 0.99335265, 0, 0, 0)
shape = SubResource("BoxShape3D_343qs")

[node name="StaticBody3D5" type="StaticBody3D" parent="Content/Hydrogen003/WickerBasket" index="5"]
transform = Transform3D(-6.801222e-08, 0.9376404, 0.34760672, -5.971563e-08, 0.34760672, -0.9376404, -1, -8.452855e-08, 3.235028e-08, -0.16989708, 0.055174112, -0.00039006028)

[node name="CollisionShape3D" type="CollisionShape3D" parent="Content/Hydrogen003/WickerBasket/StaticBody3D5" index="0"]
transform = Transform3D(1, 5.031996e-09, -2.909335e-10, -5.031648e-09, 0.9933528, -0.11511065, -2.9060132e-10, 0.11511065, 0.9933528, -0.002028808, 0, 0)
shape = SubResource("BoxShape3D_343qs")

[node name="SmoothLemon" type="StaticBody3D" parent="Content/Hydrogen003" index="7"]
transform = Transform3D(1, 0, 0, 0, 1, 0, 0, 0, 1, -0.9104891, 1.0233274, 2.883442)

[node name="CollisionShape3D" type="CollisionShape3D" parent="Content/Hydrogen003/SmoothLemon" index="0"]
transform = Transform3D(-8.742278e-08, 0, 2, 0, 2, 0, -2, 0, -8.742278e-08, 0, 0, 0)
shape = SubResource("ConvexPolygonShape3D_nqshe")

[node name="LemonSmooth" type="MeshInstance3D" parent="Content/Hydrogen003/SmoothLemon" index="1"]
transform = Transform3D(-8.742278e-08, 0, 2, 0, 2, 0, -2, 0, -8.742278e-08, 0, 0, 0)
mesh = ExtResource("21_nqshe")
skeleton = NodePath("../..")

[node name="SmoothLemon2" type="StaticBody3D" parent="Content/Hydrogen003" index="8"]
transform = Transform3D(0.9481075, 0, 0.31795007, 0, 1, 0, -0.31795007, 0, 0.9481075, -1.298285, 0.98784494, 2.883442)

[node name="CollisionShape3D" type="CollisionShape3D" parent="Content/Hydrogen003/SmoothLemon2" index="0"]
transform = Transform3D(-5.9604645e-08, 0, 2, 0, 2, 0, -2, 0, -5.9604645e-08, 0, 0, 0)
shape = SubResource("ConvexPolygonShape3D_nqshe")

[node name="LemonSmooth" type="MeshInstance3D" parent="Content/Hydrogen003/SmoothLemon2" index="1"]
transform = Transform3D(-8.742278e-08, 0, 2, 0, 2, 0, -2, 0, -8.742278e-08, 0, 0, 0)
mesh = ExtResource("21_nqshe")
skeleton = NodePath("../..")

[node name="SmoothLemon3" type="StaticBody3D" parent="Content/Hydrogen003" index="9"]
transform = Transform3D(0.3049843, 0.7123935, -0.63204426, -0.30959675, 0.70178014, 0.64160305, 0.90063, -3.1139717e-08, 0.43458667, -1.177527, 0.98784494, 3.015881)

[node name="CollisionShape3D" type="CollisionShape3D" parent="Content/Hydrogen003/SmoothLemon3" index="0"]
transform = Transform3D(-1.1920929e-07, -2.9802322e-08, 2.0000002, 0, 1.9999999, -2.9802322e-08, -2, 0, 0, 0, 0, 0)
shape = SubResource("ConvexPolygonShape3D_nqshe")

[node name="LemonSmooth" type="MeshInstance3D" parent="Content/Hydrogen003/SmoothLemon3" index="1"]
transform = Transform3D(-8.742278e-08, 0, 2, 0, 2, 0, -2, 0, -8.742278e-08, 0, 0, 0)
mesh = ExtResource("21_nqshe")
skeleton = NodePath("../..")

[node name="ElectronShooter" parent="Content/Hydrogen003" index="10" instance=ExtResource("23_6cl36")]
transform = Transform3D(-4.3711395e-08, 7.1054274e-15, -1, -1, -4.371139e-08, 4.37114e-08, -4.3711385e-08, 1, 7.1054274e-15, -1.0366282, 1.2644281, -1.0469992)

[node name="Hydrogen004" parent="Content" index="3" instance=ExtResource("23_vvanm")]
transform = Transform3D(1, 0, 0, 0, 1, 0, 0, 0, 1, 0, 10, 0)
script = ExtResource("22_l5qo0")
content = "The Hindenburg disaster due to hydrogen"

[node name="AnimationPlayer" parent="Content/Hydrogen004" index="0"]
libraries = {
&"": SubResource("AnimationLibrary_nqshe")
}
autoplay = "zeppelinMove"
speed_scale = 0.25

[node name="Hindenburg" parent="Content/Hydrogen004" index="2" instance=ExtResource("21_hbnn5")]
transform = Transform3D(0.09999995, 0, 0, 0, 0.09999994, 0, 0, 0, 0.09999995, 5, 8, -3)

[node name="ceiling_fan_1k" parent="Content/Hydrogen004" index="3" instance=ExtResource("34_tni44")]
transform = Transform3D(5, 0, 0, 0, 5, 0, 0, 0, 5, 0, 10, 0)

[node name="Ghost" parent="." index="9" instance=ExtResource("35_u6em0")]
transform = Transform3D(1, 0, 0, 0, 1, 0, 0, 0, 1, -3, 0, -4)

[node name="Skeleton3D" parent="Ghost/MonsterArmature" index="0"]
bones/4/rotation = Quaternion(-4.4455963e-20, 3.5471498e-10, -0.0026400534, 0.9999966)

[node name="Ghost" parent="Ghost/MonsterArmature/Skeleton3D" index="0"]
transform = Transform3D(1, 0, 0, 0, 1, 0, 0, 0, 1, 0, 1, 0)

[node name="AnimationPlayer" parent="Ghost" index="1"]
autoplay = "Idle"

[connection signal="success" from="Content/Hydrogen003" to="." method="_on_hydrogen_003_success"]

[editable path="Core"]
[editable path="Structure/FirstFloor/laboratory-glassware-bundle-part-1WITHOUTSUBDIV"]
[editable path="Structure/SecondFloor/StairShaft"]
[editable path="Structure/SecondFloor/StairShaft/PlatformStairs4WideTall"]
[editable path="Structure/SecondFloor/Platforms/PlatformMetal8/PlatformStairs4Wide"]
[editable path="Molecule/molecule-pack-one_WITHOUTSUBDIV"]
[editable path="Content/Hydrogen001"]
[editable path="Content/Hydrogen003/Lemon"]
[editable path="Content/Hydrogen004"]
[editable path="Ghost"]
