[gd_scene load_steps=27 format=3 uid="uid://dhubdtk42tle8"]

[ext_resource type="PackedScene" uid="uid://dp3hsvkn4gaji" path="res://worlds/perodic_warfare/base_room.tscn" id="1_hru7o"]
[ext_resource type="Script" uid="uid://cu4u3fkhhf1nf" path="res://worlds/perodic_warfare/1/hydrogen_room.gd" id="2_lgy6p"]
[ext_resource type="Texture2D" uid="uid://cbhbbforbr47n" path="res://worlds/perodic_warfare/1/T_Decals_H.png" id="3_0n7gw"]
[ext_resource type="PackedScene" uid="uid://dj8m5svy4l571" path="res://arts/3D/models/quaternius.com/Modular SciFi MegaKit[Standard]/glTF/Columns/Column_Simple.gltf" id="5_q6ybd"]
[ext_resource type="PackedScene" uid="uid://beam84f4y4h0o" path="res://worlds/perodic_warfare/1/hydrogen_001.tscn" id="6_ga7x4"]
[ext_resource type="PackedScene" uid="uid://bfyb4tag6tmo" path="res://objects/interactives/transports/train.tscn" id="6_n4crl"]
[ext_resource type="PackedScene" uid="uid://dgp8s35u4etjn" path="res://arts/3D/models/quaternius.com/Modular SciFi MegaKit[Standard]/glTF/Walls/WallAstra_Straight_Window.gltf" id="6_yumeh"]
[ext_resource type="PackedScene" uid="uid://bfsfu5wma7e1c" path="res://arts/3D/models/quaternius.com/Modular SciFi MegaKit[Standard]/glTF/Walls/WallWindow_Straight.gltf" id="7_57wpb"]
[ext_resource type="PackedScene" uid="uid://6uprydwd5mwr" path="res://worlds/perodic_warfare/1/hydrogen_002.tscn" id="7_ty888"]
[ext_resource type="PackedScene" uid="uid://souhrankrva" path="res://arts/3D/models/quaternius.com/Modular SciFi MegaKit[Standard]/glTF/Platforms/Platform_Stairs_4Wide.gltf" id="7_vvanm"]
[ext_resource type="Script" uid="uid://b1ml8y4r05et6" path="res://worlds/perodic_warfare/1/hydrogen_002.gd" id="8_j2i7t"]
[ext_resource type="PackedScene" uid="uid://ct06r4bik6sps" path="res://arts/3D/models/quaternius.com/Modular SciFi MegaKit[Standard]/glTF/Walls/TopWindow_Straight.gltf" id="8_m0o4g"]
[ext_resource type="PackedScene" uid="uid://34actix14eqq" path="res://arts/3D/models/quaternius.com/Modular SciFi MegaKit[Standard]/glTF/Walls/TopCables_Straight.gltf" id="9_ae4a2"]
[ext_resource type="AudioStream" uid="uid://wkvaofnkwde" path="res://arts/audio/musics/originals/hydrogen/hydrogen.ogg" id="12_vvanm"]
[ext_resource type="PackedScene" uid="uid://cmdpp4lhgeppk" path="res://creatures/friends/human/spacesuit_man.tscn" id="15_eqvbh"]
[ext_resource type="Script" uid="uid://b4pjla2vfw7ww" path="res://worlds/perodic_warfare/1/hydrogen_003.gd" id="18_vvanm"]
[ext_resource type="Script" uid="uid://bf5r4uu760m8q" path="res://objects/interactives/breakables/breakable.gd" id="20_vvanm"]
[ext_resource type="ArrayMesh" uid="uid://cy30wegkoeq83" path="res://arts/3D/models/ambientcg.com/3DLemon001_HQ-4K-PNG/3DLemon001_HQ-4K-PNG.obj" id="21_nqshe"]
[ext_resource type="PackedScene" uid="uid://cm3q4o2behm28" path="res://objects/items/equipments/shooter/electron_shooter.tscn" id="23_6cl36"]
[ext_resource type="PackedScene" uid="uid://cqcxqwc28grne" path="res://objects/items/equipments/breaker/hammer.tscn" id="23_l5qo0"]
[ext_resource type="PackedScene" uid="uid://ce20i0jttpx5" path="res://proposition.tscn" id="23_vvanm"]
[ext_resource type="PackedScene" uid="uid://cuqxhmc72oryo" path="res://arts/3D/models/sharetextures.com/3D_lemon_1/3D_lemon_1.blend" id="24_6cl36"]
[ext_resource type="PackedScene" uid="uid://ew2ev20dx7j0" path="res://arts/3D/models/polyhaven.com/wicker_basket_01_2k.blend/wicker_basket_01_2k.blend" id="25_5sfnc"]

[sub_resource type="BoxShape3D" id="BoxShape3D_5sfnc"]
size = Vector3(0.37, 0.01, 0.285)

[sub_resource type="BoxShape3D" id="BoxShape3D_343qs"]
size = Vector3(0.28598145, 0.01, 0.15)

[sub_resource type="ConvexPolygonShape3D" id="ConvexPolygonShape3D_nqshe"]
points = PackedVector3Array(-0.01797638, 0.0073161423, 0.021646071, 0.010478286, 0.0832, 0.005832834, 0.010478286, 0.0832, -0.0068062735, 0.05159048, 0.042092144, 0.007415798, -0.003744095, 0.027878273, -0.040007513, -0.049590476, 0.046832837, -0.0020655831, -0.0069035236, 0.0484076, 0.0422, 0.021551143, 0.0041584186, 0.010573525, 0.0057341913, 0.062646076, -0.038424548, -0.01954124, 0.0041584186, -0.0147128925, 0.029454667, 0.02155462, -0.025777237, -0.025870001, 0.07686815, 0.00424987, 0.023125906, 0.03577669, 0.037451107, -0.024285333, 0.062646076, -0.030517928, 0.03102943, 0.053156488, -0.030517928, 0.012062953, 0.07054449, 0.02954449, -0.033773527, 0.051573526, 0.027969727, -0.027444763, 0.031036, -0.032100894, -0.00848819, 0.016805727, 0.035868146, -0.036932953, 0.019963454, 0.015322417, 0.004159429, -0.0005904734, -0.009964, 0.029454667, 0.07371042, -0.006798072, -0.016391715, 0.070536286, 0.027969727, 0.027870001, 0.0657956, 0.024795597, -0.00848819, 0.07845111, -0.022611309, 0.021551143, 0.0136480015, 0.027961524, -0.03535819, 0.015222764, -0.008389238, 0.029454667, 0.008899108, -0.006798072, -0.025870001, 0.029453037, 0.034293383, 0.004159429, 0.010482073, -0.028934965, 0.018391715, 0.032618966, -0.038416345, 0.01364762, 0.07528518, -0.025777237)

[node name="HydrogenRoom" instance=ExtResource("1_hru7o")]
script = ExtResource("2_lgy6p")
element_decal_png = ExtResource("3_0n7gw")

[node name="Core" parent="." index="0"]
neutron = Array[int]([0, 1, 2])

[node name="NucleusHolder" parent="Core" index="0"]
surface_material_override/0 = null
surface_material_override/1 = null
surface_material_override/2 = null

[node name="@Node3D@517631" parent="Structure/FirstFloor/Platforms/PlatformSimple13/PlatformRamp2" index="2" instance=ExtResource("5_q6ybd")]
transform = Transform3D(1, 0, 1.7484555e-07, 0, 1, 0, -1.7484555e-07, 0, 1, 0, -5, 1)

[node name="StairShaft" parent="Structure/SecondFloor" index="0"]
transform = Transform3D(5.9604606e-08, 0.9999994, 0, 0, 5.9604613e-08, -0.9999993, -0.9999993, 0, 5.9604606e-08, -11, 3, 2)

[node name="@Node3D@89259" parent="Structure/SecondFloor/Platforms/PlatformMetal8" index="2" instance=ExtResource("7_vvanm")]
transform = Transform3D(-1, 0, 8.742278e-08, 0, 1, 0, -8.742278e-08, 0, -1, 0, 3, 2)

[node name="DoorFrameSquareTall" parent="Structure/ThridFloor/PlatformDarkPlates15" index="2"]
visible = false

[node name="WallAstraStraightWindow" parent="Structure/ThridFloor/PlatformDarkPlates15" index="4" instance=ExtResource("6_yumeh")]
transform = Transform3D(-1, 0, -8.742278e-08, 0, 1, 0, 8.742278e-08, 0, -1, 0, 0, 0)

[node name="WallWindowStraight" parent="Structure/ThridFloor/PlatformDarkPlates15/WallAstraStraightWindow" index="1" instance=ExtResource("7_57wpb")]
transform = Transform3D(1, 0, 0, 0, 1, 0, 0, 0, 1, 0, 3, 0)

[node name="TopWindowStraight" parent="Structure/ThridFloor/PlatformDarkPlates15/WallAstraStraightWindow/WallWindowStraight" index="1" instance=ExtResource("8_m0o4g")]

[node name="TopCablesStraight" parent="Structure/ThridFloor/PlatformDarkPlates15/WallAstraStraightWindow/WallWindowStraight/TopWindowStraight" index="1" instance=ExtResource("9_ae4a2")]
transform = Transform3D(1, 0, 0, 0, 1, 0, 0, 0, 1, 0, 2, 0)

[node name="SpacesuitMan" parent="." index="2" instance=ExtResource("15_eqvbh")]
transform = Transform3D(1, 0, 0, 0, 1, 0, 0, 0, 1, 0, 0, 5)

[node name="Star" parent="Environment" index="1"]
transform = Transform3D(-18.885715, 0, 46.296104, 0, 50, 0, -46.296104, 0, -18.885715, 0, 0, -3069)

[node name="PlanetGaseous" parent="Environment" index="2"]
transform = Transform3D(-156.77213, 0, -784.488, 0, 800, 0, 784.488, 0, -156.77213, 0, 487, 1748)

[node name="PlanetSand" parent="Environment" index="3"]
transform = Transform3D(-338.7056, 0, -172.27458, 0, 380, 0, 172.27458, 0, -338.7056, 1356, 0, 0)

[node name="Building" parent="." index="5"]
transform = Transform3D(2.5, 0, 0, 0, 2.5, 0, 0, 0, 2.5, 0, 9, 0)

[node name="BackGroundMusicPlayer" parent="Speaker" index="2"]
stream = ExtResource("12_vvanm")
autoplay = true

[node name="Elevator" parent="Transport" index="0"]
downstairs = 3

[node name="Train" parent="Transport" index="1" instance=ExtResource("6_n4crl")]
transform = Transform3D(1, 0, 0, 0, 1, 0, 0, 0, 1, 0, 11, 0)
destination = 2

[node name="Hydrogen001" parent="Content" index="0" instance=ExtResource("6_ga7x4")]
transform = Transform3D(1, 0, 0, 0, 1, 0, 0, 0, 1, -4, 0, 0)

[node name="Hydrogen002" parent="Content" index="1" instance=ExtResource("7_ty888")]
transform = Transform3D(1, 0, 0, 0, 1, 0, 0, 0, 1, -7, 1, 0)
script = ExtResource("8_j2i7t")
content = "Hydrogen Gas is very light"
done = false

[node name="Hydrogen003" parent="Content" index="2" instance=ExtResource("23_vvanm")]
transform = Transform3D(-4.37114e-08, 0, -1, 0, 1, 0, 1, 0, -4.37114e-08, 3, 5, 7)
script = ExtResource("18_vvanm")
content = "An acid is a molecule or ion capable of either donating a proton (i.e. hydrogen cation, H+)"

[node name="Hammer" parent="Content/Hydrogen003" index="2" instance=ExtResource("23_l5qo0")]
physics_interpolation_mode = 2
transform = Transform3D(0.02301879, -0.99973506, 4.355687e-08, 2.6685183e-09, 4.3629857e-08, 1, -0.99973506, -0.02301879, 3.6721175e-09, -0.9427171, 1.2688618, -1.0444567)

[node name="Lemon" parent="Content/Hydrogen003" index="3" instance=ExtResource("24_6cl36")]
transform = Transform3D(1, -7.3107564e-09, -6.1570127e-10, 7.3107564e-09, 0.9859144, 0.16725057, -6.156995e-10, -0.16725057, 0.9859144, -1.0685, 0.9520693, 2.4311166)

[node name="Lemon 01" parent="Content/Hydrogen003/Lemon" index="0"]
transform = Transform3D(1, 0, 0, 0, 1, -1.9411762e-23, 0, 0, 1, 0, -0.002878666, -0.00048822165)
freeze = true
script = ExtResource("20_vvanm")

[node name="Lemon2" parent="Content/Hydrogen003" index="4" instance=ExtResource("24_6cl36")]
transform = Transform3D(0.18515214, 0, 0.9827099, 0, 1, 0, -0.9827099, 0, 0.18515214, -1.2697263, 1.1717572, 3.016072)

[node name="Lemon3" parent="Content/Hydrogen003" index="5" instance=ExtResource("24_6cl36")]
transform = Transform3D(-0.4476618, -0.76360446, 0.4653032, -0.5294174, 0.6456843, 0.55028075, -0.72063583, 3.3378218e-08, -0.69331366, -0.9725585, 1.1535077, 2.9999998)

[node name="WickerBasket" parent="Content/Hydrogen003" index="6" instance=ExtResource("25_5sfnc")]
transform = Transform3D(2, 0, 0, 0, 2, 0, 0, 0, 2, -1.0937042, 0.9473815, 3)

[node name="StaticBody3D" type="StaticBody3D" parent="Content/Hydrogen003/WickerBasket" index="1"]

[node name="CollisionShape3D" type="CollisionShape3D" parent="Content/Hydrogen003/WickerBasket/StaticBody3D" index="0"]
shape = SubResource("BoxShape3D_5sfnc")

[node name="StaticBody3D2" type="StaticBody3D" parent="Content/Hydrogen003/WickerBasket" index="2"]
transform = Transform3D(1, 4.222197e-08, -3.2398052e-08, -4.222197e-08, 0.25881907, -0.9659258, -3.2398052e-08, 0.9659258, 0.25881907, 0, 0.055174112, -0.13032138)

[node name="CollisionShape3D" type="CollisionShape3D" parent="Content/Hydrogen003/WickerBasket/StaticBody3D2" index="0"]
transform = Transform3D(1, 5.0316427e-09, -2.9056224e-10, -5.0316418e-09, 0.99335265, -0.11511055, -2.9056224e-10, 0.11511055, 0.99335265, 0, 0, 0)
shape = SubResource("BoxShape3D_343qs")

[node name="StaticBody3D3" type="StaticBody3D" parent="Content/Hydrogen003/WickerBasket" index="3"]
transform = Transform3D(1, 4.3542997e-08, -4.7544653e-08, -4.3543e-08, -0.08769469, -0.9961474, -4.7544653e-08, 0.9961474, -0.08769469, 0, 0.055174112, 0.12781441)

[node name="CollisionShape3D" type="CollisionShape3D" parent="Content/Hydrogen003/WickerBasket/StaticBody3D3" index="0"]
transform = Transform3D(1, 5.0316427e-09, -2.9056224e-10, -5.0316418e-09, 0.99335265, -0.11511055, -2.9056224e-10, 0.11511055, 0.99335265, 0, 0, 0)
shape = SubResource("BoxShape3D_343qs")

[node name="StaticBody3D4" type="StaticBody3D" parent="Content/Hydrogen003/WickerBasket" index="4"]
transform = Transform3D(-9.125604e-08, 0.9961474, -0.08769469, -4.3543e-08, -0.08769469, -0.9961474, -1, -8.708598e-08, 5.137791e-08, 0.16677022, 0.055174112, -0.0035170987)

[node name="CollisionShape3D" type="CollisionShape3D" parent="Content/Hydrogen003/WickerBasket/StaticBody3D4" index="0"]
transform = Transform3D(1, 5.0316427e-09, -2.9056224e-10, -5.0316418e-09, 0.99335265, -0.11511055, -2.9056224e-10, 0.11511055, 0.99335265, 0, 0, 0)
shape = SubResource("BoxShape3D_343qs")

[node name="StaticBody3D5" type="StaticBody3D" parent="Content/Hydrogen003/WickerBasket" index="5"]
transform = Transform3D(-6.801222e-08, 0.9376404, 0.34760672, -5.971563e-08, 0.34760672, -0.9376404, -1, -8.452855e-08, 3.235028e-08, -0.16989708, 0.055174112, -0.00039006028)

[node name="CollisionShape3D" type="CollisionShape3D" parent="Content/Hydrogen003/WickerBasket/StaticBody3D5" index="0"]
transform = Transform3D(1, 5.031996e-09, -2.909335e-10, -5.031648e-09, 0.9933528, -0.11511065, -2.9060132e-10, 0.11511065, 0.9933528, -0.002028808, 0, 0)
shape = SubResource("BoxShape3D_343qs")

[node name="SmoothLemon" type="StaticBody3D" parent="Content/Hydrogen003" index="7"]
transform = Transform3D(1, 0, 0, 0, 1, 0, 0, 0, 1, -0.9104891, 1.0233274, 2.883442)

[node name="CollisionShape3D" type="CollisionShape3D" parent="Content/Hydrogen003/SmoothLemon" index="0"]
transform = Transform3D(-8.742278e-08, 0, 2, 0, 2, 0, -2, 0, -8.742278e-08, 0, 0, 0)
shape = SubResource("ConvexPolygonShape3D_nqshe")

[node name="LemonSmooth" type="MeshInstance3D" parent="Content/Hydrogen003/SmoothLemon" index="1"]
transform = Transform3D(-8.742278e-08, 0, 2, 0, 2, 0, -2, 0, -8.742278e-08, 0, 0, 0)
mesh = ExtResource("21_nqshe")
skeleton = NodePath("../..")

[node name="SmoothLemon2" type="StaticBody3D" parent="Content/Hydrogen003" index="8"]
transform = Transform3D(0.9481075, 0, 0.31795007, 0, 1, 0, -0.31795007, 0, 0.9481075, -1.298285, 0.98784494, 2.883442)

[node name="CollisionShape3D" type="CollisionShape3D" parent="Content/Hydrogen003/SmoothLemon2" index="0"]
transform = Transform3D(-5.9604645e-08, 0, 2, 0, 2, 0, -2, 0, -5.9604645e-08, 0, 0, 0)
shape = SubResource("ConvexPolygonShape3D_nqshe")

[node name="LemonSmooth" type="MeshInstance3D" parent="Content/Hydrogen003/SmoothLemon2" index="1"]
transform = Transform3D(-8.742278e-08, 0, 2, 0, 2, 0, -2, 0, -8.742278e-08, 0, 0, 0)
mesh = ExtResource("21_nqshe")
skeleton = NodePath("../..")

[node name="SmoothLemon3" type="StaticBody3D" parent="Content/Hydrogen003" index="9"]
transform = Transform3D(0.3049843, 0.7123935, -0.63204426, -0.30959675, 0.70178014, 0.64160305, 0.90063, -3.1139717e-08, 0.43458667, -1.177527, 0.98784494, 3.015881)

[node name="CollisionShape3D" type="CollisionShape3D" parent="Content/Hydrogen003/SmoothLemon3" index="0"]
transform = Transform3D(-1.1920929e-07, -2.9802322e-08, 2.0000002, 0, 1.9999999, -2.9802322e-08, -2, 0, 0, 0, 0, 0)
shape = SubResource("ConvexPolygonShape3D_nqshe")

[node name="LemonSmooth" type="MeshInstance3D" parent="Content/Hydrogen003/SmoothLemon3" index="1"]
transform = Transform3D(-8.742278e-08, 0, 2, 0, 2, 0, -2, 0, -8.742278e-08, 0, 0, 0)
mesh = ExtResource("21_nqshe")
skeleton = NodePath("../..")

[node name="ElectronShooter" parent="Content/Hydrogen003" index="10" instance=ExtResource("23_6cl36")]
transform = Transform3D(-4.3711385e-08, 1, 4.37114e-08, -1, -4.371139e-08, 4.37114e-08, 4.37114e-08, -4.37114e-08, 1, -1.1022248, 1.1708469, 1.6522166)

[connection signal="found" from="Core/Chest" to="Content/Hydrogen001" method="_on_chest_found"]
[connection signal="success" from="Content/Hydrogen003" to="." method="_on_hydrogen_003_success"]

[editable path="Core"]
[editable path="Structure/SecondFloor/StairShaft"]
[editable path="Content/Hydrogen003/Lemon"]
